3651	1
4721	1
3651	1
4721	1
3651	1
4721	1
3651	1
4721	1
3658	1
4736	1
