3847	1
4649	1
3847	1
4649	1
3847	1
4649	1
3847	1
4649	1
3859	1
4664	1
