5679	2
