1968	1
1968	1
1968	1
1968	1
1975	1
