889	1
