96	1
145	2
151	2
520	3
521	3
524	5
525	2
543	4
560	3
813	3
898	5
1135	3
1265	3
1346	5
1425	4
1427	1
1447	2
1448	3
1624	8
1784	5
2160	4
2172	4
2174	4
2176	7
2202	5
2213	2
2248	2
2279	4
2325	2
2362	1
2875	1
3199	7
3200	4
3232	3
3411	1
3579	1
3730	1
3733	2
3796	3
3841	3
4687	3
4754	6
5462	3
5464	3
5465	5
5732	3
5779	2
6048	1
6635	6
6696	6
6697	5
6698	3
6700	3
6701	2
6702	5
6703	9
7017	3
7411	1
7468	3
7490	1
7751	6
8296	3
9230	4
9256	5
9257	4
9268	1
9661	2
9724	3
9935	6
10013	3
10345	4
10429	3
10571	3
10578	1
10579	1
10581	1
10709	3
10799	1
96	1
145	2
151	2
520	3
521	3
524	5
525	2
543	4
560	3
813	3
898	5
1135	3
1265	3
1346	5
1425	4
1427	1
1447	2
1448	3
1624	8
1784	5
2160	4
2172	4
2174	4
2176	7
2202	5
2213	2
2248	2
2279	4
2325	2
2362	1
2875	1
3199	7
3200	4
3232	3
3411	1
3579	1
3730	1
3733	2
3796	3
3841	3
4687	3
4754	6
5462	3
5464	3
5465	5
5732	3
5779	2
6048	1
6635	6
6696	6
6697	5
6698	3
6700	3
6701	2
6702	5
6703	9
7017	3
7411	1
7468	3
7490	1
7751	6
8296	3
9230	4
9256	5
9257	4
9268	1
9661	2
9724	3
9935	6
10013	3
10345	4
10429	3
10571	3
10578	1
10579	1
10581	1
10709	3
10799	1
96	1
145	2
151	2
520	3
521	3
524	5
525	2
543	4
560	3
813	3
898	5
1135	3
1265	3
1346	5
1425	4
1427	1
1447	2
1448	3
1624	8
1784	5
2160	4
2172	4
2174	4
2176	7
2202	5
2213	2
2248	2
2279	4
2325	2
2362	1
2875	1
3199	7
3200	4
3232	3
3411	1
3579	1
3730	1
3733	2
3796	3
3841	3
4687	3
4754	6
5462	3
5464	3
5465	5
5732	3
5779	2
6048	1
6635	6
6696	6
6697	5
6698	3
6700	3
6701	2
6702	5
6703	9
7017	3
7411	1
7468	3
7490	1
7751	6
8296	3
9230	4
9256	5
9257	4
9268	1
9661	2
9724	3
9935	6
10013	3
10345	4
10429	3
10571	3
10578	1
10579	1
10581	1
10709	3
10799	1
96	1
145	2
151	2
520	3
521	3
524	5
525	2
543	4
560	3
813	3
898	5
1135	3
1265	3
1346	5
1425	4
1427	1
1447	2
1448	3
1624	8
1784	5
2160	4
2172	4
2174	4
2176	7
2202	5
2213	2
2248	2
2279	4
2325	2
2362	1
2875	1
3199	7
3200	4
3232	3
3411	1
3579	1
3730	1
3733	2
3796	3
3841	3
4687	3
4754	6
5462	3
5464	3
5465	5
5732	3
5779	2
6048	1
6635	6
6696	6
6697	5
6698	3
6700	3
6701	2
6702	5
6703	9
7017	3
7411	1
7468	3
7490	1
7751	6
8296	3
9230	4
9256	5
9257	4
9268	1
9661	2
9724	3
9935	6
10013	3
10345	4
10429	3
10571	3
10578	1
10579	1
10581	1
10709	3
10799	1
96	1
145	2
151	2
522	3
523	3
526	5
527	2
545	4
562	3
818	3
902	5
1140	3
1271	3
1353	5
1432	4
1434	1
1454	2
1455	3
1632	8
1791	5
2167	4
2179	4
2181	4
2183	7
2209	5
2220	2
2251	2
2281	4
2327	2
2341	2
2367	1
2881	1
3205	7
3206	4
3238	3
3418	1
3586	1
3737	1
3740	2
3803	3
3853	3
4702	3
4769	6
5478	3
5480	3
5481	5
5750	3
5797	2
6066	1
6651	6
6712	6
6713	5
6714	3
6716	3
6717	2
6718	5
6719	9
7034	3
7429	1
7486	3
7508	1
7769	6
8314	3
9250	4
9276	5
9277	4
9288	1
9682	2
9745	3
9955	6
10033	3
10365	4
10449	3
10591	3
10598	1
10599	1
10601	1
10730	3
10819	1
