415	1
415	1
415	1
415	1
416	1
