9790	1
9790	1
9790	1
9790	1
9811	1
