11227.0	3133
11227.0	3133
