11227.0	10389
11227.0	10389
